283316
55212
124220
93164
84517
164656
8079
100996286
54551
5996
150709
374654
79747
1789
50489
4205
2845
6549
2931
203245
199699
221468
100507507
55811
285759
340357
22976
4150
57705
84915
9271
51386
10062
150677
57663
10076
136242
NA
2934
10054
2131
29119
442721
23766
2220
2880
139818
1824
57156
387104
27004
5118
64940
137868
7903
132001
8467
1349
1749
6387
1951
10161
100505583
4783
402
11004
58495
23759
54823
28655
129787
1647
6301
2113
91977
100505478
55080
54738
5055
5042
54143
51124
10254
85329
60678
79685
79145
781
23358
55167
4707
55713
2030
81847
10763
84717
6392
171017
28658
153364
10004
283481
219409
5122
28648
59269
100506016
4071
9940
100124700
3783
8714
3705
54805
9146
23236
8895
3364
8708
221710
90226
50839
150082
5592
342979
10058
84926
57175
92106
401324
55920
51088
1843
100131496
54882
25794
192286
10803
869
4802
101060181
22887
55689
9733
389119
8348
81565
3222
27340
83692
196374
55114
9122
100996634
128822
29881
9456
5877
57679
27250
8835
29886
57403
79849
57158
147011
8140
27151
6540
55325
51729
79094
390205
55714
143684
54989
4116
140901
1211
130872
10556
5986
219578
84259
9381
57459
94032
9185
72
404217
10767
2517
5737
23120
79183
285220
374875
10005
5332
9754
159195
284186
10138
3017
200895
91074
4637
3006
4176
5289
114571
8766
3157
382
115811
57643
155435
26102
3437
9182
90379
10745
10781
144423
32
27129
334
25975
5409
7422
100505635
51253
4842
51270
27348
2891
150726
56995
8936
253559
55781
84465
5893
51592
27030
27245
400569
8022
8816
160762
54756
6605
89765
9495
10480
57583
4054
8651
100130452
4193
9771
643866
7027
7356
11037
79690
10575
805
1523
26470
23475
478
55344
5928
114659
10586
1353
116832
7379
27288
444
768096
158035
1474
768211
51764
81532
8915
6346
1045
9658
4318
136259
59349
3065
79701
9021
79962
138009
139599
6778
11019
5697
92597
158521
5962
90990
2187
221908
7922
1294
6862
122664
352961
57533
23386
8916
58477
339451
29967
6543
286006
5873
93377
642
6949
9641
1665
3455
55559
6520
91353
56158
335
9752
10404
51256
57645
10623
92960
5782
8698
58476
55755
84106
55255
113
346562
55152
51520
100507560
119385
2778
83698
83879
55898
643677
11021
100287896
7472
51715
158067
153443
100132911
386597
57215
51397
51634
79726
4728
2687
178
11070
344905
53347
84138
26258
28410
25849
3739
26993
221496
6262
975
84433
3046
221002
506
57464
54102
6897
26280
85300
55567
54361
57661
3166
5067
22882
3514
8526
55833
56300
1298
57460
127544
3479
4222
51499
723809
54549
22801
115352
3273
25962
3423
290
83547
285600
11034
53918
196446
2774
131408
22850
8566
51199
309
93145
1161
11284
550113
316
101060019
340419
112849
125061
63893
6940
201292
196740
56130
2632
845
50832
100506319
128710
79400
582
120892
51601
133418
3221
9942
23064
30844
84292
157627
4939
2026
100506571
9710
26257
207063
285533
11078
10734
58512
9436
1775
84437
7376
27244
8935
29984
5362
645974
79590
25937
57393
199974
373
221662
54936
23102
27232
404744
257062
2628
158293
57724
79746
3767
7434
6779
11219
4597
85453
10606
23037
57178
55319
9851
90113
27283
92345
8034
64216
8519
163778
51070
23576
54069
285958
2281
56159
55652
23466
84524
56114
64786
119369
25782
100132464
5569
84793
83746
11069
79413
6565
1339
56970
27033
397
55756
1997
7350
9567
4294
57561
83440
9810
149775
25844
6744
653
2261
7007
22846
140733
3207
58157
4144
8812
400550
9819
29761
54708
8567
3768
284459
8438
441179
160
85001
645676
1849
4617
23416
11009
113179
23155
132625
92196
143689
23299
80168
9262
27158
84190
6799
100101938
726
23569
374887
8862
84034
100506555
6017
23498
56674
51276
56913
57552
5216
23212
7150
79134
22909
130535
100506243
146223
167465
1376
29888
64174
89932
11278
28968
256472
200576
50617
4322
84850
10250
92565
5691
9965
118932
6729
400548
23464
10169
23258
7531
9546
57448
65220
164395
29889
254956
9063
55791
3665
23353
79968
22989
55690
84624
8710
56256
5134
8650
22944
10151
5754
730755
3077
84217
7750
134145
3178
116092
352909
3169
55651
3696
5429
158787
93643
116138
8858
9921
2100
80778
11280
26157
6429
210
100874021
6776
7169
90632
4900
2258
81539
51251
6892
8871
3987
10150
23435
100506994
3933
5198
55075
150465
84809
728279
57619
25911
23354
22977
25830
25920
80177
51341
100507634
93
145447
124817
57611
51701
116151
285429
2857
79628
401562
64834
4588
23240
64422
25950
55819
7372
8692
7743
79799
5074
23303
51422
57062
1072
2326
83658
348932
4319
27236
55076
57402
9922
23060
340547
79836
79646
23189
6597
6820
246777
1522
2639
23479
26231
23542
170392
54819
6037
6195
9568
8839
29801
7566
23113
22906
3070
24139
23433
51566
23341
28964
90933
54732
2848
93426
7710
554206
81833
79863
27042
2568
8349
7652
29966
9402
400745
1809
147719
4701
4221
7862
3798
27040
29928
81035
9609
2021
8407
29028
4675
7596
7718
8029
56342
54961
55748
51091
684
85025
196385
2191
5428
26287
100506691
81929
54726
51082
60467
23368
57630
283237
2993
9946
5683
5603
212
9702
83550
3030
100129098
55734
64327
51278
283011
4148
80232
100507564
9973
51206
4308
135892
4795
7832
57608
646962
57555
54811
57707
51534
132112
79777
3442
1741
23370
130612
23767
29855
146852
100506083
1859
56890
10894
55040
90407
2562
9791
63935
57695
59351
113655
84795
22980
142686
60313
79947
10594
51227
10464
260425
27242
254122
58485
55014
1316
171484
9202
6169
26519
147906
57506
3816
163479
8820
25876
130074
668
399694
57538
282980
54993
388951
65251
4905
7494
51663
127700
3859
10103
10392
51021
58505
653677
729678
29994
51364
5695
9855
7062
114801
94121
54474
285847
255027
4761
55178
6732
23085
51128
5447
91056
148266
5441
115106
8552
1173
55599
128178
6767
8351
8352
54522
79092
85236
153090
150290
23617
115704
2556
5747
51093
65997
27439
4864
23451
652968
5867
2859
8786
116843
727957
374291
2232
57528
54994
81928
339
26952
114904
139411
9847
4504
25758
5494
256223
2289
25902
150538
9812
10910
339483
348825
257236
10648
9821
89910
266629
4636
8399
26103
9865
94160
374569
2814
250
50
4149
254531
10998
160065
100874018
136991
26189
25778
378825
130733
84284
9480
7478
23300
2247
3762
63950
259282
100507428
1179
23152
2331
27122
3064
4908
6746
63908
54965
283991
283150
26575
2670
27199
8204
79874
4354
3066
8218
8907
7204
83714
6753
10915
195828
51308
58494
5303
54859
79870
91612
85450
23275
27347
79932
150350
81854
1117
116068
51148
80198
1820
79739
5048
85446
25766
9420
100509303
9695
11093
8729
22950
10921
4300
53336
146956
270
6311
147968
144108
134701
51802
5573
29909
55454
1908
6586
79724
162073
80319
2823
8534
664
100820829
6904
6103
10916
4828
57119
7574
9180
51043
1579
271
4779
57509
133022
23582
389763
5874
6920
7259
133957
79100
2132
84245
4043
5433
9687
1814
2843
8707
118472
3678
51182
55957
10217
23127
165140
4781
79070
169200
127435
55144
51057
100130111
10314
6492
10714
8050
6094
140880
63946
51193
134549
23362
284611
1380
8085
64759
3075
3682
126306
10558
128209
56672
259308
84080
9512
441151
56978
23753
145773
11060
4907
5261
135932
119587
168544
9389
390892
283869
140801
83479
4940
79717
91833
100507140
197320
434
79658
1728
4879
9843
8701
3351
23649
146434
79673
126792
1654
28773
58510
84648
80325
140881
25974
79585
10352
3082
26084
11283
100131998
3137
2948
126536
54897
150967
7597
79097
93035
140902
25759
7567
145946
54187
221
113612
285352
5329
170961
221092
7466
10458
126402
113177
684959
142910
9162
219731
56897
92017
3053
647309
10475
22875
644943
79738
10401
2529
8822
79802
2829
10479
114803
4361
23683
284257
10361
10142
124976
23670
5451
54880
54386
23760
29775
341640
79876
100505878
246119
3613
3203
91050
9055
81606
348938
10917
3843
10273
1755
4139
6844
7014
54874
286075
137682
65065
100507424
100289495
3782
50833
26268
27240
2260
256471
285513
54742
2784
7517
100507201
122060
100507050
169026
343099
9953
55052
55815
22818
27013
55577
166614
3916
1020
140838
64241
55330
10072
162394
10015
8986
408
1107
5071
100131366
1303
54825
3552
55723
219527
673
63901
266917
1643
80824
29072
27284
84502
3673
79047
3174
10544
637
23036
55246
84818
129684
388581
5455
85301
6329
80762
284485
6339
23287
55801
144110
1280
90737
63943
168507
7874
7562
4733
135886
4091
8759
10484
692247
8565
4629
3061
55008
83606
1130
100628315
84677
347
9793
340152
26119
8737
11260
2746
642273
60495
10101
3431
57515
200312
134359
10395
8745
51696
54796
23067
2352
148823
6534
8490
100505601
5346
8509
2990
151760
1382
221400
266553
833
56834
50836
25987
3866
6714
3823
3101
90525
5672
1299
100506675
51655
7145
60496
3929
8320
151011
29094
6188
64743
51533
284307
9194
100506289
60681
51151
3743
5824
130557
10785
254173
23439
388650
2841
284076
29951
7917
9463
10130
6782
1388
166979
55635
200315
645784
148413
8906
23762
9649
26002
100996246
51116
8302
7003
84083
64405
5525
51015
192666
29082
8749
8854
2976
5255
79080
54868
100996671
51382
100885848
284443
583
29988
220930
101929946
6457
5545
3171
3482
81285
26047
5655
57159
441666
23107
58517
9126
64284
55812
22868
8359
5406
3605
777
1832
23250
64750
752014
29920
152815
10525
100289410
122553
4159
3033
10270
7764
9422
10628
203
9950
10218
79136
100507290
100506851
65078
1857
80243
219285
53942
7334
6197
6368
79895
196528
100631378
27293
8473
57115
7932
51455
27440
64090
122258
100129250
158747
7102
23294
1088
26033
284323
100288801
5265
284349
1731
5101
54901
256435
339593
5598
127018
79829
100507605
80313
79755
28677
51588
57761
116984
4151
6419
56681
282616
8512
55423
51275
54884
7561
11144
79813
22865
6683
608
4286
2071
285313
54836
4594
259215
57194
5274
11232
79003
3038
128408
5314
84944
34
51547
200261
23328
5860
388125
100506929
8793
9656
27173
1588
50801
60493
6256
79622
27127
26509
53615
6497
908
54834
10956
148203
340069
283232
50604
7732
11170
5588
162517
136306
133522
80122
11171
10262
126364
84315
92689
29842
26290
4023
84518
90864
57834
28465
23216
2048
6781
51316
23673
10486
84295
221421
125981
653784
23129
5816
118788
80086
6376
25927
56889
57801
23633
26091
339105
6898
1075
84632
154822
124930
2875
7163
92421
8797
10003
284058
100505641
92979
8764
56935
83439
122622
28727
4958
10980
29843
2972
623
2647
4004
56052
64761
54891
146705
4714
1645
4524
79983
64779
5967
950
220965
22903
58529
23423
51083
28978
9016
4584
9380
85289
84336
9671
274
153579
4968
23031
100507468
9955
11279
57110
83887
100874309
163486
57551
1213
146
11015
51333
283547
9150
8569
441478
84959
283464
6716
84694
55329
64399
6227
9107
84962
359
55858
4342
339976
139065
1613
285203
100873769
8940
2330
57185
79109
51247
6845
6451
4763
7366
100874241
3909
414
5027
59350
8507
128989
654
57104
8904
552889
1441
55802
3110
29803
23185
9407
84215
55346
722
55151
5920
84256
226
285489
6616
65010
51703
493911
5552
117283
124739
11281
81030
374768
2864
151306
10162
51735
9653
23524
374882
5689
146712
388695
26251
7072
3914
55703
3062
339487
54810
7693
3547
6441
22839
100131755
9738
116362
53407
84176
162966
26284
79819
8851
127
55236
100506718
54847
23592
3976
10794
26211
84767
51780
7326
339400
7757
2683
10261
26048
10827
8195
23415
29103
54806
51747
285889
64839
64420
2557
729723
349565
51141
285016
9351
80206
285268
22982
91544
100125288
3052
92293
91937
83481
283933
251
10737
100996629
56131
54933
130749
401551
79714
84639
7299
9295
5311
256536
100506388
3890
196951
7018
7327
81614
5098
56477
831
22853
4953
29942
84987
1212
404266
89781
64806
2664
130888
78991
8852
2992
65095
3434
256227
255967
59353
84142
7181
22949
6249
5871
29914
23130
138307
50674
9227
1994
388714
83939
91179
284525
3209
8787
4698
4190
84866
23401
337876
6168
339230
13
84759
841
10497
64746
7776
202
3912
27292
23705
10208
283932
3563
6581
55006
3135
10039
11183
80315
987
2117
220382
56943
10537
4697
10291
255926
9929
3709
148741
171019
152831
23020
4249
2641
207107
79834
8673
100506446
2969
93010
3932
387521
168455
55137
255022
29071
89883
7373
10578
3204
29763
29927
91543
83881
26137
81871
90075
401233
1585
133383
7957
139212
509
1891
8999
83857
1718
199223
51629
57181
23405
7296
9741
9203
22927
3750
55288
23204
10864
729
121665
348093
1837
50636
8828
53834
55110
84299
3192
83643
55225
751071
1829
57396
7249
3480
3614
9079
54360
165324
7857
54454
1261
4978
2686
8633
6279
284992
140856
317671
4626
28685
969
79018
64854
1830
643911
133688
6386
286437
8880
55527
50835
6001
4804
55741
9318
64100
126231
83742
51330
9173
4050
157769
80135
57172
151112
57019
2983
57455
23046
93436
6385
116412
85027
5226
529
10140
6361
117531
10083
51585
8187
50939
4990
79573
2981
29781
627
57484
57126
8666
374864
115024
64410
3093
84154
1677
8747
284021
1952
126820
5150
10164
116444
7329
4215
5328
2350
3815
51720
221241
27044
4542
339803
84153
84329
142685
51586
51069
5527
148870
126129
8992
9610
57408
51133
960
54499
54072
146227
9481
9120
3781
56660
4077
100885781
116841
100500850
9071
5584
7486
202559
10814
55805
84971
201191
3888
175
25898
54465
221749
5607
1414
5111
160313
79102
1370
1587
79901
5932
27330
23220
3420
6711
11016
29946
2957
6328
89782
4208
64061
432
1021
11259
196294
126668
64860
6050
2730
10867
571
201266
3998
5168
80820
10732
10463
3693
256281
50626
79842
166379
27092
2854
392617
8292
57461
400713
3290
2960
84893
225
23787
100505498
147949
55089
27146
54893
4330
7051
7915
144406
100507616
79442
440184
55181
23348
64595
8290
541468
9779
5162
55234
26775
5325
11213
30012
143282
51564
5651
135250
64377
23109
84868
57722
8428
8462
51693
80737
29116
11064
367
392307
387032
255520
401442
6651
57520
51754
7015
442191
1142
2822
4885
11101
79643
4643
9362
2582
738
51099
6624
58155
64857
3202
2056
1132
131920
26277
91133
7137
9557
22918
54363
9849
55471
256380
145694
100302691
126969
246213
10014
80054
115361
84687
80067
114900
80183
4974
53346
729614
100287576
1610
10501
8659
84274
206358
64773
29922
132949
29080
6850
6563
5593
55763
22984
30837
100505564
11338
151121
145567
148022
10186
79174
221035
91851
56944
92797
7099
55766
119392
124936
168667
7130
4000
50616
91368
25956
4776
546
162239
5686
374378
27006
7629
399959
388743
56986
23446
27102
9603
7940
285282
283373
6294
8662
160760
7337
7701
22954
145270
5577
7295
100128511
122402
10013
54978
11142
10791
182
442184
54751
2317
100130100
64412
3346
10565
4123
84164
26503
55721
4236
54097
3084
116255
3373
124401
57498
6885
580
57649
3241
1103
84942
7091
641977
7262
729506
728081
440173
84905
57179
368
259197
64753
2012
2644
56751
80133
8694
80129
51138
11056
414245
8325
3735
91687
25821
5133
388585
29789
440193
285704
2862
151056
9721
9529
728591
8444
50862
25813
79641
5054
161931
10251
2237
25809
2623
7162
7109
172
64418
53828
5502
7412
9550
100506374
7324
64236
56980
83852
2245
84975
79178
11193
2119
388531
79649
64184
8303
55768
3707
9878
81706
10959
7409
147699
11277
8409
1047
30009
221472
10863
10808
118670
84337
54934
26220
10898
285735
79980
3868
93653
56997
23645
9985
100506606
100130548
5705
8427
8038
51031
9398
821
203859
10859
6573
10333
89777
124222
200162
63891
131177
100505975
2932
7082
4076
5863
8019
2303
36
2597
55193
100507065
25851
54681
100294720
192134
2313
8614
284086
64863
137492
79029
4745
4731
400410
5269
23261
5439
51377
79171
6444
3293
10018
1155
8458
440498
91300
327657
1434
84839
9056
10573
51686
11179
124872
100128374
115992
728116
3985
5913
346171
54440
2104
91289
554201
440956
64288
193629
55696
51807
80055
51024
2121
23265
23644
8288
127262
100507534
5620
151636
1611
10036
9217
5803
84287
51560
9737
23276
54872
51574
54498
23469
6332
56925
80324
84614
221711
9583
9
3141
283050
100506797
2180
92610
100506498
196541
114907
158471
64419
10531
10617
199964
161436
139135
29034
126074
10209
1657
100507436
9119
51065
3182
56204
4791
9582
488
5116
9114
6403
89792
8525
2794
54939
10815
1438
84273
6944
114044
8336
116840
29062
64111
286319
283297
3140
30011
5066
9732
7224
25797
133121
56270
11178
10181
4052
6433
6909
56912
286554
8224
25886
27433
116285
91582
90025
5826
6194
164
23247
10299
3280
286527
4038
374986
390927
1469
4582
2706
84666
90987
9926
83544
25845
57863
96764
55794
10768
51068
23161
7369
1056
55117
55004
5564
6398
28232
5445
83856
84549
7075
23087
8087
90362
27115
7123
6347
374868
346157
595
9751
91607
222950
23141
200058
29949
9027
83723
2110
100506286
83597
57634
23074
84820
29124
708
254394
102
754
7403
29081
9993
8704
79077
1847
100287616
132160
23178
22844
1026
8346
28965
9625
10653
100874187
3754
10538
359845
55066
656
55972
56937
64147
80199
26338
1761
93979
93587
79751
3606
1807
200879
23270
3737
339390
84285
51614
284369
100289373
100506274
6993
7301
283455
5909
55331
11162
83959
7867
10320
54957
158046
222236
10281
2242
54927
23429
644090
5245
51673
54995
113419
81669
80209
55633
124790
142689
148418
100287216
90506
23732
3149
79050
10993
56942
6367
4952
128866
140731
2735
124404
343641
89882
4245
7745
7756
83982
4775
126308
231
6539
3600
6354
51114
9513
158584
890
91860
6423
375743
5347
23053
146198
26339
11276
100996549
140775
23604
8642
60343
8688
114790
114784
8287
89953
50848
27314
79567
1292
23523
5275
64077
81566
5126
25862
127281
6422
164312
152877
83858
401317
56965
3148
4646
8540
256364
221150
79727
83850
2813
196527
60592
116535
7284
153733
284098
4931
4317
7220
103
26156
158158
8815
285498
157285
5337
3669
81851
6720
10444
114038
2638
6123
203328
100303728
387316
10895
1266
63916
54971
3592
2643
29911
256006
55585
25894
9043
80342
22848
5968
23543
3827
2230
28959
8671
57479
3570
1395
100287366
83447
54997
57733
10787
27246
2332
89944
3884
152404
54503
1871
100507099
2787
84720
157739
132243
2018
3446
53344
1272
9852
128344
1958
8241
10421
4841
7401
84900
10202
284312
55301
79172
150160
5153
55707
1678
25836
115350
342538
338579
83987
5740
4053
56926
399717
7407
10146
10440
83716
10155
83648
115111
353324
553103
93517
10342
4985
159090
23242
51465
60676
100506813
51123
3603
144402
89876
79805
5905
646982
2288
5506
79748
55727
6530
58490
100507283
80169
158586
126208
26073
5052
590
92659
55171
26532
5524
10481
100507630
7006
100124696
10457
26285
1962
79023
57512
1967
29091
197258
132141
3073
6608
342897
115330
116447
5326
122953
55145
342977
10660
266655
593
389203
912
441263
64386
81857
7090
6125
339666
9479
9498
79884
57591
79054
56171
10078
79645
5037
124245
622
199692
223082
9425
25940
5068
572558
5714
54840
8717
5929
415
2833
6476
64172
3308
6936
9325
148103
22934
79634
11085
283349
51714
2028
3656
22878
79006
91373
254428
339745
51299
25827
114294
7048
79674
7480
6580
26254
10942
57573
79230
259239
255394
9762
6603
55002
7188
8618
81502
79774
28998
2257
8340
124997
118424
4886
23515
33
9057
1004
547
26355
8910
284366
9948
221122
113622
84649
8683
79903
3948
10681
115098
4146
100132677
1293
116835
9400
10899
3579
5309
51185
55384
7455
51293
90637
85476
55974
25999
196475
11316
23352
5281
83401
1154
8537
6786
5313
80036
91869
83855
79616
79633
112479
23047
8513
114614
57523
84691
5080
199
50628
10001
200424
10322
256130
348180
5906
213
9515
1444
56996
55616
10082
6257
129881
100505839
84647
4780
5864
9308
54546
100506406
131375
22843
735301
6588
163786
55147
5701
55740
3790
4267
11226
341405
54861
9897
10199
147372
375056
9901
116828
2996
51619
55795
4899
11275
79913
284656
149345
51096
7643
3642
65084
7424
2994
53917
8813
791115
2358
22
2572
1345
407975
119504
116238
5566
9254
3483
11326
93474
54932
5020
2047
5787
51143
10599
388610
57501
5795
10000
5082
79228
79161
8417
57106
80020
100499194
90161
23041
6276
80219
5297
100289255
100134040
57826
10092
5301
55143
81578
6712
145748
84445
2798
4674
5653
222234
761
27291
55845
5644
148645
50717
10919
7498
8328
2305
54960
170691
55640
390980
55132
59342
116969
79661
84659
197
58533
6091
4125
6602
10216
57171
344887
9887
8894
83890
11119
57673
2952
3567
121278
57623
1544
3820
56849
220388
6641
10562
93622
7421
5530
2495
162998
65003
51699
57060
785
4689
729230
286097
284836
95681
51378
6628
91404
9808
122961
421
8078
100506126
221833
11321
4337
84186
92399
130502
284207
27332
1308
6618
54863
2064
3882
79711
3081
2542
64478
54878
117581
342908
134218
729224
56899
84065
10226
6646
90550
84777
6760
55867
55095
9898
57560
5058
6770
3237
3109
64078
54808
2045
80221
56888
51406
85360
26083
284600
8092
56931
64922
57333
1032
54482
10533
66035
6396
9618
26247
126917
54475
5694
134353
9736
339929
10598
8491
139221
8668
123041
139081
26051
100506124
6594
9626
441024
23597
28680
29777
84899
9049
51374
3043
11059
940
11063
8996
6242
259230
400958
9034
22806
26998
79007
84289
91624
84978
26994
55852
54606
284576
100506826
3818
440560
4682
224
11187
10772
83733
6707
6695
54798
64282
55771
4773
124975
23531
8891
10498
10780
54039
22995
3384
96459
221687
6609
9785
55904
29957
283375
4893
8878
25771
147040
2842
28990
90459
60528
56915
2802
90134
10804
100507537
100505942
84612
26538
7172
10312
100130815
54617
6665
7528
26524
1939
51659
84675
90390
63951
9452
161823
56903
100268168
85569
91862
60487
28999
24148
55223
810
51321
6764
401647
401884
9413
374407
9911
28227
1606
85449
3898
113675
23187
199800
3240
79969
51225
57572
8798
83900
9543
79064
25777
170261
29991
2788
8433
7067
6691
387486
51388
64859
533
130026
26973
50484
114836
79971
171586
2619
759
644096
100506492
11309
6512
10055
3347
10213
4153
342926
56914
64744
92126
56666
100128361
10735
790952
10465
2671
51704
51305
28452
5933
84056
55505
2869
7033
51302
7555
3958
56145
8776
81619
340017
171482
11113
6700
147015
55632
3652
84062
5276
64708
9846
7351
642533
64359
1364
57182
1641
3770
57180
2286
439916
10423
83482
5202
55287
8289
140886
55239
100506068
94241
10826
676
155185
5100
3569
140730
83468
163933
284904
859
10856
4072
121599
4857
10579
9860
311
8748
3321
22797
51106
100506314
3628
80975
256949
65117
201255
84058
10075
2681
10849
7453
57683
495
55571
4622
81793
118663
170572
158326
26548
79147
92105
55554
64398
51360
26579
57706
4046
23563
317719
916
50852
5087
9765
9409
345630
6036
25833
286436
114112
28786
10534
153478
8343
25932
1457
7390
9024
9469
57152
57053
6795
9189
57326
92
1652
9917
55096
100506272
89
389376
5690
84657
64231
93663
598
148581
201475
245936
6331
130162
8945
79625
56255
26523
9100
6430
27068
11285
201456
3638
5784
79621
29989
113763
4942
51109
1738
23556
9686
90135
84837
54033
4620
126282
8505
5062
6132
8653
163782
9314
27233
439931
100505877
388942
9215
124995
124460
79741
11126
8733
10190
56955
56344
3015
671
4607
26077
9939
283578
5549
3643
55683
25864
56655
100130609
253738
643783
51201
55273
2192
23491
2091
29986
1621
132014
114825
25890
9856
605
8809
8502
7227
54898
165
10728
23657
16
56134
23533
5273
347735
10691
54059
64116
79778
26512
100287932
100192379
125893
84196
9424
2624
55179
79153
23314
2287
164091
10549
6223
26138
91283
3128
26133
7991
10071
9681
340107
1207
282973
8558
942
9141
80895
9919
7030
51274
79710
4067
10612
256126
317
83734
1995
563
55970
8603
64425
84747
57109
4014
64976
28966
128229
115939
57510
84449
220074
25913
55728
440836
771
79744
7086
55785
56475
26097
112464
10788
93556
55120
23567
8795
27235
57232
7726
4660
670
54715
351
137886
130576
205251
8639
10008
1945
85028
90324
55170
10052
7485
7411
2690
54468
5427
64105
4708
732
339983
165721
5936
23424
118421
22834
1440
117583
4725
283120
3516
132884
55244
51557
25970
28982
6388
64801
10021
147199
1297
50813
79856
80153
56848
7918
2837
79944
29086
10590
9620
85379
348
55011
169981
10906
28660
641339
348235
6648
55010
114224
1401
10147
26658
59341
6674
65981
200734
1030
147670
29101
56101
3964
1230
83933
222255
2631
26270
100128239
2114
133690
8788
54826
85443
64965
9685
2138
55243
5371
196792
7325
51393
84823
9984
163115
1716
1314
9149
100506530
162461
6372
55684
113829
22996
84690
152100
338
9635
5780
26043
126859
54567
6706
116154
80013
121256
26529
1305
283209
23253
55669
11145
10307
2592
3736
1267
100129482
5918
90326
11086
146225
246329
54626
3491
56948
3812
2263
255043
10983
2160
8826
5256
7084
125965
55039
8545
135293
55503
92799
10309
6647
70
115286
1439
283875
94097
151658
60492
64087
7165
100130519
10962
56124
112609
5742
155368
8431
57379
8516
92092
8379
9820
57620
100133205
51214
11095
53345
7392
644890
8804
894
9784
146433
130540
168400
8636
27333
163126
3756
164045
165829
55231
100188893
81689
10654
57697
1842
89849
8879
9328
122945
7178
51441
134187
89978
153684
642946
3779
57107
339975
84973
3489
90806
55192
57184
1017
7381
2315
797
64067
55296
6620
8089
83693
25
55588
363
9669
7013
283130
51409
23549
124454
27121
55124
711
9374
149951
123169
150159
27339
2395
6271
100506585
5218
51322
3195
2068
60529
143503
57721
57217
146310
29930
83872
1848
2519
5984
9283
8772
127933
57731
3362
51160
53981
8554
222553
51451
570
79731
80263
57120
283635
549
112703
94086
112752
6526
22809
646762
55194
51287
257160
51755
10749
23413
3104
5050
149699
318
100130987
57097
89795
3758
337
57558
219793
157807
2124
133
4009
339123
22889
123283
57409
79132
283238
57113
64065
23221
2892
54707
157310
23310
25828
284353
23376
6290
10840
8615
441046
22845
84791
92292
2998
55041
2569
201931
5881
392465
54946
23052
3443
8632
100289230
55129
55636
80235
7468
1315
57822
54879
55228
3996
3060
100506215
166012
157567
285343
6533
122042
139886
79862
9540
84503
427
114905
9840
84622
84898
25786
3301
81846
8767
54467
9531
7070
79796
3164
257068
1447
26168
26235
29126
57491
7569
100133308
284612
2921
161145
2954
10290
143884
90809
100506175
1033
126272
26525
22898
84124
56649
114908
5473
219972
374899
10975
930
283234
4302
10048
10633
728978
7699
55027
7089
285989
84838
3133
10152
29850
9783
79037
7782
728489
148362
25878
199704
25948
8664
54984
196383
402415
79166
155
340591
23210
4902
286103
55529
9628
23023
3700
118924
157753
55148
440387
1327
401024
11227
6884
57650
8528
5414
2621
22948
23163
1421
121952
58488
643749
51371
83549
6822
55260
113178
999
5922
6702
4948
197187
9836
81562
5732
64689
6872
65057
6472
5187
913
80072
10615
3305
130574
90592
10775
9630
51026
3800
8456
100873954
782
10879
23344
54
9378
11243
2206
3651
7058
23208
2785
168975
24140
8727
7769
3231
57574
6668
115416
4142
9886
151477
142891
7088
51174
23245
23360
80817
5267
100628307
4850
153129
283537
126661
84255
6284
51389
126669
84319
40
144453
79577
312
50700
7107
253782
81573
81626
285375
148824
51107
10214
388630
79258
101060091
91450
9659
23461
4856
498
6238
10488
389906
6662
642345
400604
55082
200558
114781
348262
4314
123879
146513
26046
4734
8330
28409
11248
150372
55156
345
57094
51347
79595
91252
57198
147872
27000
11154
1671
100506271
221044
3010
8941
2309
55204
6894
57559
900
9266
8495
79791
10645
10630
283038
8001
7293
4685
123036
9465
85416
133558
2997
57136
53904
84522
22986
11160
4320
57554
128488
196403
7247
100130933
121006
58504
7035
55308
79709
56975
25904
57703
79016
64114
56606
10367
11051
2551
55654
83461
10848
23431
5876
84684
651430
54456
143941
388394
54906
84061
55341
602
286077
54584
255061
7278
3972
1201
27351
51102
391356
2882
220134
51071
9320
3297
57526
29952
2744
23177
4192
8539
81872
22921
1948
9070
29890
10116
51726
23111
317781
131096
4999
1271
6100
92483
1287
83863
10408
474171
10600
730051
7037
115207
85293
284013
150280
56287
81788
51741
619208
161
93273
100505774
128
635
114899
553
84883
51550
55293
2904
9406
331
339807
972
196500
54942
100130691
6035
11342
55526
8470
51295
4152
57719
122786
148170
10717
134860
23583
51626
55647
84941
10881
50485
127294
114795
23365
148066
28809
8520
113802
10613
54885
80306
10110
3746
29104
29916
8436
80114
23173
253190
9577
79736
60491
2188
81892
64599
26275
6881
7405
100507311
219293
51667
118429
59343
51621
22901
55623
25874
4897
660
25837
11025
115509
10994
8411
26576
11167
55153
3609
117154
55853
4973
3814
79586
65264
643
9223
79820
9927
55274
686
159162
57187
5771
2175
5444
79571
84935
55023
100505549
2560
285955
353497
10907
80034
8638
80777
5373
56180
116729
146456
84856
51008
197322
22870
6518
100499489
64764
5191
1960
6715
3175
5176
29106
7551
140686
6275
10739
10370
8654
148738
140739
11149
7292
323
83695
58531
100506730
26151
9858
8790
9448
7436
27034
9541
201294
81492
100506113
2888
574036
10589
55966
9073
3358
23135
3622
81875
78999
7879
55351
23432
54947
84878
84000
132954
649
3300
745
2043
9569
160428
56676
148213
1770
11022
55032
23345
1877
3565
6468
22800
54534
718
3568
84251
6687
8844
57648
140862
51435
5778
90342
84330
54438
100128285
25936
5934
9776
135114
353219
9457
55816
27130
114881
3631
3026
4162
7066
778
84938
1628
5663
130814
9787
53340
5090
64318
57728
5266
23417
23471
2534
6506
142
8233
5194
1135
8993
66037
7444
246705
127841
440279
245934
79848
2515
8481
30008
10232
54587
55612
100169989
92086
4751
10738
223
2319
7133
7368
27065
51559
63905
203068
51020
55100
1006
25820
6748
497634
8842
9576
1510
92369
440757
10371
81602
4653
2805
23743
3984
8799
84159
10113
51145
2803
946
26219
10279
3836
84957
5026
8814
1410
4774
10799
9536
200205
152926
677
7140
29074
8425
81551
286
26266
6924
55695
2668
132430
3087
3699
23158
5435
201798
1571
730098
100505536
9768
286042
6948
3416
326624
26330
10493
657
8115
6718
9646
29070
57419
57693
389161
84861
80176
818
10981
27120
64096
5350
84466
3627
9891
389072
150737
7024
9956
55626
83655
133308
5597
7043
10383
54020
220070
254170
3320
283385
9976
137075
100505841
54439
6747
3397
319103
8942
7507
25799
7813
9723
10715
151790
2
100128071
7871
221079
8479
208
60
283489
11156
2705
80339
26027
10267
4792
643314
5029
83891
57606
9175
10019
7737
94025
79652
115019
4621
9177
29099
27334
6755
161753
55937
84343
80145
100506107
2898
10024
41
2593
643201
241
23566
113277
2916
26492
3860
81577
80208
389206
64718
2779
828
100286922
814
5719
340267
91156
4913
149420
3035
79719
7166
100505938
2959
118427
57655
26226
7164
5948
7559
152579
400617
80726
27350
79713
3005
9690
6407
2915
10073
64225
26223
25938
112812
23400
3556
394
10552
9526
1827
54784
8533
23232
55578
128611
926
57085
8886
7288
5831
80318
4143
25972
58491
26017
2215
138639
63977
3189
31
1902
153328
7307
55332
5950
100128782
55862
8857
9563
6482
56413
283131
140689
7763
6736
219541
54892
10017
2494
3654
55314
11151
6875
29947
91107
79810
28670
10982
122809
26471
744
29956
23506
56311
8853
100507480
402381
11197
11027
400941
5069
25925
79091
388533
1152
65992
830
128859
5825
221527
729238
55061
55102
301
54583
23179
23430
729178
283149
343069
3467
645682
160335
747
59307
23331
158228
144715
54737
200010
285852
2266
29109
1059
200931
286205
94059
339965
63895
1674
5925
126123
22983
51306
29123
22907
713
5036
8148
9098
126295
4005
1418
100129128
2353
163859
4154
25992
203523
93986
90780
760
1549
2935
2637
6815
5678
6907
55364
6405
1384
151871
58473
5365
644794
9748
284408
10159
57545
10871
3952
10234
6660
2297
3159
473
79753
2167
25780
84901
1356
11245
54970
23677
27285
63941
4591
57192
2913
84816
29065
158257
4691
84152
81556
27074
54544
10257
165186
79872
10313
1723
5092
9716
3042
6503
51314
27067
11108
55968
7064
4507
54949
3679
7277
3294
83866
131873
7155
8819
9392
100137047
55207
10988
22835
2280
2765
79666
285423
440137
100507391
117248
30
80335
401134
1750
25829
7352
8402
26692
284723
467
6362
5961
81493
57732
9061
57189
60488
9902
646214
4189
90102
54873
163702
8225
115201
56776
80816
57578
26984
10097
51187
149830
9912
124961
285386
203238
80213
5515
7087
152
79612
283860
2042
5324
3352
642559
199731
100505967
2703
8418
80204
4976
644538
55312
10225
79665
286114
51181
23397
3344
11052
220972
10107
10023
51297
148252
643650
9666
3566
5167
55604
117177
151877
6345
22869
144817
122773
4800
7439
124446
26115
376940
10418
348094
60370
122704
246269
148930
80173
253260
7076
100131347
25806
3198
4488
9726
158381
1894
4115
201514
7639
100130705
22955
53938
162979
81571
219902
9623
3238
2149
79840
1390
55131
57336
10294
100507250
284749
116448
51527
1436
11155
2861
7827
3597
29944
100507330
5372
55168
55553
284339
26974
51063
23094
150368
9790
2879
89122
55105
125336
7423
1981
55705
147687
27290
3206
9647
100506815
57689
4782
22920
84146
54876
9683
29895
6317
84824
54521
9462
641384
26995
400451
26784
84467
29985
257397
83892
50619
8985
134548
284080
10563
91319
171483
27164
55432
23351
5138
652
23476
121340
4010
29796
144699
56121
6443
54536
5128
84071
285521
3751
22866
328
79642
49860
6792
9670
26281
28983
2356
116987
655
23367
405754
8620
148229
5369
3550
10637
554
51286
23509
1687
100130476
3376
84085
144363
100507221
6857
100506922
10300
51022
79828
216
200765
8013
84967
4121
357
716
55808
55704
79760
51085
7045
84446
284788
58509
3123
26354
3615
5253
79191
113220
885
554226
2791
79187
8239
9240
2249
2717
131474
6629
222696
55827
4849
100506844
5830
3487
81037
537
55311
51760
9527
9679
9651
9117
342357
51479
3904
100129034
55711
1577
6491
144811
642987
285095
55353
2558
79705
3375
6811
4544
49854
79345
4173
57469
25855
10288
100133039
51513
23304
50515
409
1890
54903
84069
9559
57165
149483
64411
196441
646023
4750
4200
10954
8455
3249
1589
79269
3738
100996455
374918
1639
4853
283742
147741
63971
375287
1582
4477
167681
55033
28425
23373
2194
1000
3233
205860
100506144
5716
170506
123606
23467
116159
375484
9698
85865
139105
100506431
100093630
100507524
5862
100506012
338657
56983
90861
389289
4438
79974
54538
286148
100506311
23024
27231
253943
79839
58190
29968
147700
30818
6445
25949
9814
23137
25980
5955
80821
55773
23199
83851
54832
151242
23105
8366
3835
3561
27301
54680
100505758
23096
164781
5791
130940
140828
83642
6567
55892
79935
20
4608
10077
80764
378832
9879
3720
123920
6005
7512
3034
617
344838
4722
442194
54988
9315
55967
92104
2255
27336
25917
84890
10675
55859
1468
27177
8332
2153
6856
220164
7078
1600
100506757
154197
100129620
80350
54799
6509
219654
10256
22821
920
149773
26271
23114
83445
25817
23166
646736
29844
100506660
3142
51228
8529
390874
10128
81579
4323
10249
115825
9397
23061
11249
11258
51239
6575
144132
3439
157869
246330
84060
11222
8824
28442
166785
1071
83942
5501
90673
9310
84872
79908
100506046
51277
6045
55839
3981
2038
9797
11253
375061
23271
50808
2961
7976
2962
140609
4599
63875
57568
23214
6487
3887
93589
4744
29943
5917
3598
3449
6217
79575
10690
117156
2250
55680
100506686
7321
10742
338692
6905
11282
169841
10154
5359
55975
23193
1998
9735
23517
132671
158295
10979
153222
1427
3257
94235
55709
153339
23309
84874
64848
10816
23536
3108
133923
4172
134288
100129792
94056
641
90050
9725
201799
6923
27113
2151
54331
6399
85320
100132618
84133
51768
6913
55327
54552
5000
64421
6832
83729
55907
387066
132864
3764
54908
138948
196996
2775
4289
286144
10068
150209
90499
5467
80790
1942
23254
6018
2253
84501
23626
129531
54913
79815
5565
146857
5407
201895
284001
146212
1875
3667
5053
4938
6352
83743
100379661
64946
116115
860
129880
283314
255104
8850
5149
51003
128486
4723
51363
79768
3475
27087
100507064
79603
25800
9074
124590
695
51027
6837
768239
9037
10938
79925
26013
26780
10663
857
2178
305
1984
79989
8568
55119
29880
57143
89797
8995
1209
7272
79939
27145
3239
79993
51090
131368
10368
55081
7021
4107
81797
481
28956
51163
219749
255403
55670
10268
29102
5015
10574
25891
1991
7404
324
100505555
79953
1185
10194
153642
132320
25895
6364
9605
3857
139716
100874239
342184
658
6462
5879
84911
284358
80757
4325
8846
3382
9169
4494
83590
57539
60560
6756
353189
10295
6297
6863
84224
2335
5290
9619
56971
219525
80312
1235
23528
64926
23312
283392
1524
201283
5095
114960
8687
149685
6400
169522
728448
56667
23198
114883
85365
51611
51179
219347
2173
114815
1131
57821
64210
5094
80352
9580
375190
54581
7353
1730
100128977
54165
168391
51430
79825
56142
81792
387357
8890
55069
285456
3131
10143
6788
4690
5634
51742
283377
283404
84842
26153
407026
170692
91272
6574
10148
23627
79733
79776
3383
113130
26659
6548
257240
5627
83475
729296
64326
51710
9488
85479
23065
10718
10489
133584
80746
534
26035
643155
9060
8468
5580
9014
90273
10385
1805
4916
1258
1089
80019
8796
100048912
255374
729522
11094
26086
23122
5507
7695
23742
653240
140701
7222
55607
4843
25839
84692
114026
7059
400709
6274
442213
2781
640
160777
84922
10302
146862
23389
10379
113746
51237
256714
56302
4914
55013
51426
256076
50506
55106
79659
4860
2000
11228
2193
30000
440574
10842
222643
338864
56241
83787
30816
114990
55681
115294
83541
8535
643008
57003
339324
5534
5224
9960
64855
101060179
5257
25858
4239
54555
3460
118487
6900
3595
55184
23492
51122
100288413
811
11080
100507062
56262
100533182
51650
25789
100289274
26136
4170
554235
169966
57231
64426
199953
55111
10134
30820
57210
649446
9472
3931
1506
339855
8794
63826
55284
83853
5049
160287
24142
11176
51303
9231
5320
400242
5813
162494
57584
26071
463
51267
286128
6039
5336
90139
55556
126298
23408
27153
60684
284023
56006
1969
7761
60509
431707
28996
51477
127731
7069
259293
3799
121793
386678
100131801
25901
100130958
147111
134430
5581
1215
389812
22897
813
57685
8412
144920
57018
171546
286262
9506
27329
1653
8030
9697
796
23594
3007
64816
5783
3698
3208
50615
199720
203062
476
51805
124989
1548
10929
114131
26052
3975
5861
79877
1462
55628
50814
51112
81691
302
10061
8242
1773
51042
91947
64919
1650
79009
59284
317701
55860
57030
374907
64224
4762
113189
51692
51087
8500
286178
130106
59272
115650
85456
100128640
149373
90204
170680
728392
30832
219855
50649
22824
892
9321
79648
10844
403
9535
3190
10439
10627
6192
126328
84253
101060200
91392
6427
4277
51014
51351
6310
6742
5013
401145
143425
51545
149473
135644
92400
89766
167838
8905
8450
26166
84966
339829
2740
57670
7433
55841
9125
26747
3292
9001
63898
283446
57418
59
55127
5438
23619
252969
51434
5341
2583
23539
2676
5348
114789
126
9982
8689
51647
5868
57146
4883
3456
667
3625
4306
4650
196872
6657
23526
3385
93233
23072
58508
8658
127845
326
26229
57610
23410
80774
56833
9844
5878
5999
92949
89874
2217
92002
84923
2949
10272
7358
196463
3337
644186
84815
9640
55268
9101
144165
87178
374659
968
2995
78987
280664
158056
10286
1487
125488
55108
387921
6604
7077
2274
79991
51555
134266
6658
57212
9815
11112
3227
84279
354
3728
9555
8888
10245
148398
7336
339834
197407
56916
51596
3068
56911
64754
79922
283463
94103
3044
27136
116123
645
943
130132
18
84464
23607
23560
284379
374900
1662
53947
23235
4882
8847
8825
57677
23016
160365
9294
2817
8515
5172
51702
23462
5626
23318
84912
8975
7469
9525
9344
79600
28962
9903
3899
388566
9252
27430
28512
30849
5443
573
26267
79048
51450
23624
149371
5594
10376
11066
388335
3014
81545
79657
4700
79933
50804
8575
55509
6873
521
2299
5988
55183
4923
285590
7707
8420
3187
57599
285943
146849
23774
84298
202051
6418
55596
1756
7432
9749
56244
60626
79083
27152
388662
9367
55359
81569
79940
81494
51390
221830
51373
5619
28987
55018
9360
441168
140576
3251
283197
9451
6887
8811
7322
285696
5228
57291
51348
118430
7320
51433
112574
155066
81608
53905
6483
255738
5912
30845
2780
7391
10289
2591
116844
3885
162
5001
353149
7112
4141
762
7153
729085
55257
60412
5437
146050
988
1116
1855
93621
9429
6342
100505978
92291
24145
253980
146691
8301
8602
343450
222223
7203
4112
11035
3172
23157
122970
79930
3067
644139
440981
3224
3776
55177
83667
100506403
246175
11330
56125
23768
479
5178
51231
100996694
115703
10198
23071
581
10227
83591
4692
147184
8649
54557
5579
25865
8065
84081
9777
4012
58527
158038
5810
283459
28763
148811
730101
260434
51617
100506765
9440
7316
25805
2821
9811
51135
151903
51804
6737
253152
642924
963
5589
57492
5305
990
8578
58528
55586
64969
10686
79784
23151
9473
9229
22803
51643
6121
399818
8736
29110
11244
4232
80326
10658
3670
183
160418
55280
253962
51816
8805
64122
643763
58524
3713
285555
1528
84302
142940
84249
341
3689
5318
5164
93953
23512
348013
51284
10972
51195
51147
219537
6095
148109
259296
23632
6886
4759
57169
51750
54896
5205
140732
196477
10580
256691
51289
2693
6821
342892
256979
1769
338440
690
84233
26222
55617
338557
169714
6975
64769
8530
10265
92283
6004
56127
10723
60598
57595
79734
64397
653808
222642
197335
100169890
121643
645321
7428
5591
808
219790
10126
93349
59283
4137
54663
8237
4122
55622
619351
90523
6633
79101
285753
1149
7305
2752
221914
79677
114799
7852
64084
27185
27012
91452
58483
25998
10953
1608
374819
4686
146861
817
6926
10622
28659
340273
23099
51282
401612
23788
1910
100190938
161635
7094
100294362
79963
11057
64766
51684
3177
115950
123263
9031
284948
23532
29117
1357
8643
55339
406
54518
9589
9069
400629
55738
27125
10807
23676
9908
81543
3895
4956
23200
197196
3236
55744
80005
54739
284029
9788
55698
115701
25884
6370
164684
83478
5141
3096
201176
84316
8548
2011
10999
79845
2065
10236
54820
8720
23174
22849
26539
2101
100862662
9023
138649
84804
28513
91694
100506368
27230
120066
27036
887
60677
54662
23558
84311
7767
84277
23499
196
56135
9934
2272
11270
79822
9032
27197
54968
56156
1141
401190
375607
5902
140771
746
80128
100128927
79781
53353
10178
27109
134111
6337
56265
126374
84436
3636
283571
145864
8405
56940
1538
23347
140612
204219
1816
79632
100505685
53335
1627
64981
219770
1802
7592
29958
23321
55165
51411
161514
6205
80341
7936
256051
79894
84969
353322
100170229
440854
55173
100652857
29079
57758
11333
6584
9145
9699
149628
51130
8228
90381
56992
55101
4113
128872
170685
171389
286183
79885
10153
245972
285796
7399
55879
5704
2793
10611
400506
3956
54733
7475
4097
6610
116093
57616
4355
10647
9196
100128840
6015
79635
6745
80274
27302
644353
9319
1236
9181
23636
51313
5144
2060
648987
399474
284274
6490
229
387837
203562
26065
145873
2053
65082
283248
1268
23505
7476
57010
91683
51097
10238
54922
7705
154810
84064
994
26273
3421
333
3744
9088
117285
26255
5980
6667
140738
4794
2669
5241
116985
1378
7175
3250
10016
58496
10908
399665
200316
51115
2893
26020
647323
8836
248
3960
493812
92552
58530
93611
4130
3200
375757
29965
5562
93109
256158
10755
79683
6869
1081
11177
100130717
6578
440603
84913
1946
57016
57337
4099
57144
8676
151556
7461
140460
29115
139285
84181
83539
9652
275
1903
23414
4693
54344
11251
5475
5625
155054
5713
8896
254427
9312
151246
81623
55109
84514
64881
128853
6536
100129476
5608
8193
2184
8899
4720
114771
51504
100422737
5333
100507562
339488
83700
308
139538
85407
23418
389123
201627
10861
79915
83930
27071
55653
137994
6882
441072
5295
1015
53822
115752
23589
22808
9218
51412
730112
100128164
7046
9994
10050
51213
9522
113540
9054
15
56164
2186
84070
9080
9208
55729
143903
1175
4109
84332
2526
4070
200942
4803
10100
55759
85417
5142
90378
79639
55665
4632
55568
285148
221301
22794
786
1140
55295
8674
80727
27316
64434
9931
7589
8877
6097
10551
51427
339500
3589
84134
85014
100506098
54941
2649
283089
2587
3920
7009
27287
619455
6916
57504
55511
11252
80310
55666
3880
1956
4155
152225
858
2701
2799
85462
79752
51248
27160
4917
51439
190
79887
100506540
127540
8675
597
162989
4191
7053
55291
10283
80314
143384
2099
10631
11346
84929
2834
9662
5471
100506100
149603
392459
125206
100874253
6878
161394
83607
23054
54977
8763
27019
11163
54795
79024
9963
55362
55552
11140
91752
353500
85019
3107
6558
58500
126119
8912
53349
10454
404093
3386
53371
284648
10112
7850
57216
25803
55036
22876
26496
100130950
79729
2152
114879
387338
54928
25793
3849
81849
9552
53944
9501
9412
11120
100507629
2941
1992
27342
5533
125950
3371
6041
3161
54507
28992
27128
5788
100128554
26056
7840
57664
30010
4656
340205
2010
55770
2922
6754
100130232
5903
84947
85280
5837
8581
23390
400794
100131561
7297
378708
8435
84952
306
4880
1676
3037
4889
57095
51528
50512
353132
8697
3283
401265
55128
26190
83604
57567
28641
375449
10241
80201
55954
5338
10806
255928
8493
49861
11166
58189
2537
84188
8841
2940
26040
113251
7110
83943
7690
100616668
11221
5516
29092
11335
285830
27072
5146
974
25842
80328
4625
140876
9276
1737
643641
389641
56165
163175
57680
146512
604
355
3069
28563
148696
29901
5827
23225
338324
126549
9509
9674
5315
114826
1244
29100
100507257
221336
401463
4552
55876
219995
5792
25822
100505746
9988
79982
148979
100505881
51105
10280
200772
138428
1465
56850
64429
729173
56107
2905
26012
1907
10047
1278
285195
11266
196047
105378503
1455
126205
641365
548645
55576
3048
201625
9705
6382
10758
2122
221424
57168
254263
64745
54414
8189
346007
642852
84223
9470
28638
91703
100128098
10695
161142
114134
219402
79594
80818
517
26005
7287
51188
27143
9724
9693
10324
114793
90167
55837
268
566
84881
84986
4487
7108
389114
4356
387718
6838
100287114
100129935
221302
1778
9191
79446
145978
100862680
51806
342
3596
414926
462
11341
2688
55164
5796
2172
10369
38
1545
2525
133686
152185
9764
730
83884
92579
26206
22888
727910
719
5832
