55212
164656
374654
2931
55811
150677
57663
23766
2880
7903
8467
6387
6301
91977
100505478
54738
54143
51124
10254
79145
781
81847
10763
6392
9940
8895
150082
4802
9733
196374
29881
57403
79849
57158
55325
79094
390205
54989
94032
404217
79183
10138
5289
26102
27129
4842
55781
84465
27245
8022
160762
805
26470
NA
7379
1045
59349
1294
6543
93377
6949
335
9752
57645
51520
100287896
7472
158067
153443
51397
51634
2687
178
84138
26258
3739
6897
26280
85300
55567
54361
3166
723809
22801
3273
25962
51199
550113
316
125061
6940
201292
196740
2632
100506319
79400
157627
100506571
58512
9436
84437
29984
199974
404744
7434
10606
55319
90113
54069
285958
4294
3207
58157
400550
29761
3768
160
23416
23155
92196
27158
100101938
8862
100506555
23498
57552
130535
1376
29888
256472
50617
4322
84850
23464
55791
56256
22944
158787
2100
57619
25830
124817
57611
401562
4588
348932
27236
57402
23542
54819
9568
8839
23113
23433
51566
23341
28964
400745
1809
29028
7596
196385
26287
81929
9946
9702
64327
646962
57555
51534
130612
146852
56890
10894
2562
63935
57695
59351
142686
9202
147906
3816
399694
57538
4905
10103
29994
285847
255027
4761
51128
148266
115106
8552
79092
115704
65997
8786
57528
114904
139411
25758
150538
266629
9865
374569
160065
378825
9480
3762
100507428
1179
23152
4908
54965
2670
83714
6753
51308
23275
5048
85446
11093
5573
1908
6586
8534
57119
9180
51043
133022
3678
165140
100130111
10558
441151
5261
135932
119587
83479
91833
100507140
3351
58510
84648
26084
126536
54897
25759
113612
170961
126402
3053
647309
79738
2829
10361
54880
29775
348938
10917
3843
1755
286075
3782
54742
2784
122060
169026
55052
55815
22818
64241
100131366
54825
219527
266917
129684
388581
6329
10484
4629
60495
1382
266553
56834
25987
60496
3929
51533
60681
51151
3743
254173
284076
6782
166979
7003
64405
51015
8749
8854
5255
100996671
51382
6457
81285
5655
23107
64284
777
152815
122553
3033
100507290
7334
6197
27293
57115
64090
26033
282616
54884
6683
285313
4594
5314
1588
50801
53615
908
148203
340069
11170
6781
84295
6376
56889
26091
1075
124930
28727
2972
5967
58529
4584
9671
100507468
146
11015
441478
6716
339976
3909
59350
57104
23185
9407
55151
84256
117283
374768
9653
26251
7072
3062
3547
3976
10827
8195
2557
283933
251
56131
84639
5098
404266
8852
1994
283932
255926
255022
29071
3204
29763
81871
1585
8999
7296
3750
10864
1837
50636
8828
3192
57396
54454
8633
133688
51330
57172
6361
10083
29781
57126
64410
3093
8747
5150
10164
5328
8992
9610
57408
9481
4077
10814
54465
221749
1414
5111
160313
2957
64061
196294
126668
10732
27092
392617
2960
23787
100505498
144406
541468
5162
5651
80737
7015
9362
64857
2056
54363
9849
55471
145694
100302691
80054
1610
10501
84274
151121
119392
50616
4776
56986
285282
442184
54751
10565
55721
116255
6885
11056
414245
5133
8444
161931
2623
64418
5502
11193
2119
64184
9878
26220
8038
51031
89777
131177
7082
4076
55193
192134
2313
8614
64863
137492
51377
8458
327657
84839
10573
124872
100128374
2104
91289
2121
8288
139135
2794
3140
11178
6909
4038
374986
4582
84666
57863
23161
1056
55117
27115
83723
2110
83597
84820
102
80199
26338
93587
3737
7301
83959
222236
10281
644090
142689
90506
3149
10993
2735
89882
6354
6423
8688
5275
5126
25862
164312
83858
8540
2813
60592
285498
81851
10444
10895
23543
3827
2332
54503
132243
7401
10202
55301
150160
5153
25836
338579
83987
5740
115111
4985
100506813
89876
646982
6530
92659
55171
79023
132141
6608
342897
55145
342977
339666
56171
79645
223082
54840
64172
9325
79634
11085
283349
22878
57573
259239
8618
28998
2257
23515
1004
547
284366
221122
113622
4146
100132677
116835
5309
55384
7455
85476
25999
8537
5313
80036
83855
1444
55616
84647
5864
54546
9897
10199
147372
375056
51619
284656
116238
3483
57501
80020
23041
6276
100289255
81578
6712
5653
7498
3567
1544
421
3882
134218
55095
6770
3237
2045
56888
85360
26083
8092
54482
26247
9626
84978
3818
4682
11187
6707
54798
124975
22995
283375
90459
90134
10312
100130815
85569
91862
28999
85449
3898
23187
199800
9543
11309
56666
7033
56145
6700
1641
3770
10423
83482
155185
140730
163933
284904
859
4857
3321
80975
118663
158326
55554
153478
1457
9024
9469
9917
5784
8505
163782
56955
4607
9939
283578
2192
23491
29986
8502
10728
55179
2287
10612
1995
55970
25913
771
54715
130576
10008
1945
55170
10052
339983
22834
1440
1297
10590
348
1401
26658
83933
54826
9685
162461
338
54567
6706
55669
3736
54626
3491
2263
2160
125965
55503
94097
100130519
8431
9820
51214
11095
53345
146433
163126
55231
1842
134187
89978
2315
797
64067
6620
55588
363
27121
55124
711
9374
123169
6271
2068
146310
57731
53981
222553
570
80263
57120
23413
57097
89795
3758
337
339123
2892
157310
23376
8615
92292
201931
3996
285343
139886
7070
257068
26168
26235
7569
10290
143884
126272
56649
283234
7699
84838
155
9628
55148
11227
2621
130574
8456
782
9378
3651
7058
57574
6668
51174
5267
153129
312
50700
81573
10214
388630
498
8330
11248
55156
147872
100506271
133558
53904
11160
4320
128488
196403
100130933
11051
2551
84684
84061
286077
3972
9320
29952
2744
4192
8539
1948
23111
4999
1271
10408
474171
150280
56287
128
635
55293
2904
196500
50485
127294
148066
2188
26275
25837
8411
26576
3814
79586
9223
84935
80777
56180
116729
140686
8790
9448
23432
84000
649
1770
55032
51435
135114
353219
9457
55816
4162
778
84938
5663
5266
6506
142
5194
1135
79848
54587
100169989
497634
9576
92369
440757
23743
8799
2803
3836
26266
2668
3699
26330
9646
84466
389072
150737
7024
9956
6747
10715
7871
2705
80339
26027
57606
115019
9177
2898
41
2593
2779
828
100286922
5719
91156
2915
25938
8886
5831
4143
10017
29947
26471
23506
100507480
402381
11197
5069
5825
54583
23430
3467
747
54737
63895
1674
126123
93986
6815
6405
5365
9748
1356
11245
2913
84152
79872
4507
7155
2765
117248
7352
284723
6362
5961
60488
9902
56776
152
3352
199731
2703
4976
148252
5167
6345
144817
100131347
1894
4115
10294
51527
11155
7827
29944
100507330
55553
27290
22920
641384
84467
284080
27164
652
121340
49860
2356
655
8620
554
51286
357
51085
1577
4544
79345
57469
84069
57165
646023
3249
79269
283742
1582
23373
54538
286148
147700
30818
151242
23105
23096
140828
6567
55892
6005
54988
27336
7078
1600
149773
23114
8529
390874
10128
4323
10249
11249
84060
11222
3981
50808
6487
3887
29943
2250
6905
169841
23517
64848
10816
90050
6923
55327
55907
3764
2775
4289
23254
23626
129531
201895
100507064
25800
9074
768239
3239
10368
7021
51163
324
9605
658
60560
2335
56971
219525
283392
1524
149685
56667
51179
1131
57821
79825
4690
283404
170692
79776
9488
80746
26035
8468
4916
1258
100048912
11094
26086
23122
6274
160777
51426
30000
56241
115294
57003
339324
5534
4239
118487
51122
100288413
25789
554235
57231
64426
199953
9472
339855
5320
162494
60684
7069
147111
134430
796
64816
3208
199720
1548
50814
317701
57030
4762
59272
149373
9321
79648
5013
143425
2740
57670
9001
63898
2583
23539
9982
4883
23072
127845
5999
92949
2949
10272
7358
644186
6658
3227
354
339834
56916
283463
53947
9294
2817
51702
9525
27430
28512
51450
23624
5594
79657
521
285590
7707
56244
388662
81569
81494
6887
255738
353149
7112
762
988
93621
100505978
92291
146691
8301
3172
3224
11330
23768
115703
83591
8649
8065
4012
5810
100506765
642924
79784
11244
3713
84249
341
51750
140732
51289
2693
6004
79734
653808
121643
59283
4137
64084
27185
58483
25998
4686
6926
340273
123263
23532
8643
400629
81543
23200
55698
6370
84316
2065
100862662
28513
100506368
120066
79822
9032
1141
375607
140771
79781
6337
126374
7592
100170229
29079
9699
286183
245972
116093
4355
9196
100128840
27302
2060
6490
229
145873
283248
57010
7705
154810
26273
333
3744
9088
117285
5980
140738
5241
51115
248
493812
92552
93611
5562
256158
6869
1081
140460
9652
151246
55109
128853
8193
100422737
100507562
85407
10861
6882
51412
9994
51213
84070
9080
4109
4803
786
8674
64434
3589
2649
1956
4917
7053
2099
11346
84929
9662
6878
83607
8763
55362
353500
85019
6558
25803
55036
79729
100507629
27342
5788
100128554
7840
57664
4656
55770
84947
85280
400794
84952
4889
353132
8697
401265
11166
84188
113251
7110
7690
11335
80328
9276
1737
163175
729173
56107
1907
10047
196047
105378503
126205
55576
6382
254263
91703
100128098
7287
9724
268
4487
4356
100129935
3596
414926
2688
2172
10369
2525
